 10    !numberlayers
 5    !n different atoms
  1  1  1  1  1  1  2  2  2  2  2  2  3  3  4  4  4  4  5  5  5  5  1  1  1  1  1  1  2  2  2  2  2  2  3  3  4  4  4  4  5  5  5  5
   0.333333333333333      -0.333333333333333       0.216505055732519     
  -0.333333333333333       0.333333333333333       0.783494944267481     
   0.000000000000000       0.000000000000000       0.500000000000000     
   0.333333333333333      -0.333333333333333       0.728991005316315     
  -0.333333333333333       0.333333333333333       0.271008994683685  
  0  0         !N cutaway upper, lower end
  0            !cut atoms from top
  0            !cut atoms from bottom
  1             !fourdim
  2  1          !layerdir, fourdir(:)
