0	-339.7622388	-339.33554011	-339.48379027	-339.92407223	-339.87347211	-339.28397301	-339.34878107
0.1	-337.55676554	-337.22606592	-337.30526972	-337.73078121	-337.67235514	-337.10195674	-337.2067299
0.2	-335.37808524	-335.14269366	-335.15308397	-335.55762861	-335.49176082	-334.94372094	-335.08538682
0.3	-333.23252524	-333.08360803	-333.02781706	-333.40752791	-333.33444233	-332.81269084	-332.98485607
0.4	-331.12434654	-331.04771709	-330.93187241	-331.28477311	-331.20429842	-330.71326472	-330.90587939
0.5	-329.03174038	-329.03474091	-328.86841368	-329.19482301	-329.10538274	-328.6491167	-328.85167591
0.6	-327.07442875	-327.04595831	-326.88177735	-327.15542452	-327.06088485	-326.63270109	-326.83833578
0.7	-325.17897525	-325.09814444	-324.97202559	-325.19628166	-325.12618656	-324.69014082	-324.89823687
0.8	-323.32670647	-323.20186642	-323.10146914	-323.28616085	-323.24305343	-322.80550752	-323.01716355
0.9	-321.51682064	-321.3395537	-321.26696612	-321.41007254	-321.40316891	-320.96917775	-321.17398542
1	-319.75157547	-319.52253119	-319.46908321	-319.5773597	-319.62817594	-319.17137607	-319.36794757
1.2	-316.31398405	-316.00005407	-315.99326382	-316.12071334	-316.19373167	-315.6812121	-315.85109722
1.4	-313.02556259	-312.62480839	-312.69672116	-312.83968525	-312.92442473	-312.36498385	-312.50412788
1.6	-309.83873276	-309.46143582	-309.52313851	-309.72594248	-309.79247921	-309.18221236	-309.33503451
1.8	-306.76477661	-306.41440796	-306.45911086	-306.71998868	-306.77796865	-306.10580381	-306.27832916
2	-303.83395884	-303.48678781	-303.52429164	-303.81939259	-303.86740706	-303.14310402	-303.33013946
2.2	-301.05237567	-300.66726596	-300.69513796	-301.01771838	-301.05517149	-300.29464896	-300.48707792
2.4	-298.36271761	-297.93630067	-297.95667061	-298.30467603	-298.33651599	-297.55260961	-297.73956691
2.6	-295.73921357	-295.27818661	-295.30508286	-295.6719767	-295.70059959	-294.90166232	-295.0763749
2.8	-293.17433734	-292.68852191	-292.72947827	-293.11318294	-293.13743108	-292.32809522	-292.49078565
3	-290.68059202	-290.16467055	-290.22301389	-290.62270037	-290.64229731	-289.82175585	-289.97555642
3.2	-288.25920209	-287.70391829	-287.78306143	-288.19593298	-288.21296683	-287.37867092	-287.52593001
3.4	-285.90120717	-285.30381336	-285.40693783	-285.82946299	-285.84617263	-284.99808776	-285.13883358
3.6	-283.60167599	-282.96220578	-283.09135042	-283.52060838	-283.53898189	-282.67942418	-282.81183024
3.8	-281.35635884	-280.67725169	-280.83432286	-281.26730189	-281.28779700	-280.42102243	-280.54301167
4	-279.16083491	-278.44735082	-278.63543447	-279.06790267	-279.08963465	-278.22124916	-278.33114056
