 40    !numberlayers
 10    !n different atoms
  1  2  3  4  5  5  5  5  5  5  5  5  5  5  5  5  5  6  6  6  6  6  6  6  6  6  6  6  6  6  7  7  7  7  8  8  8  8  9  9  9  9  10 10 10 10 1  2  3  4  5  5  5  5  5  5  5  5  5  5  5  5  5  6  6  6  6  6  6  6  6  6  6  6  6  6  7  7  7  7  8  8  8  8  9  9  9  9  10 10 10 10
 0.00000   0.33333   0.24789
 0.00000  -0.33333   0.75211
 0.50000  -0.16667   0.24789
 0.50000   0.16667   0.75211
 0.00000   0.00000   0.50000
 0.50000   0.50000   0.50000
 0.00000  -0.33333   0.30504
 0.00000   0.33333   0.69496
 0.50000   0.16667   0.30504
 0.50000  -0.16667   0.69496 
  1  1         !N cutaway upper, lower end
  1            !cut atoms from top
  3            !cut atoms from bottom
  1             !fourdim
  2  1          !layerdir, fourdir(:)
